"","date","total_cases","new_cases","total_deaths","new_deaths","growth_factor","death_percentage","MA_growth_factor","MA_new_cases","MA_new_deaths","gf_14"
"1",2020-01-22,1,1,0,0,NA,0,NA,NA,NA,NA
"2",2020-01-23,1,0,0,0,0,0,NA,NA,NA,NA
"3",2020-01-24,2,1,0,0,1,0,NA,NA,NA,NA
"4",2020-01-25,2,0,0,0,0,0,NA,NA,NA,NA
"5",2020-01-26,5,3,0,0,3,0,NA,NA,NA,NA
"6",2020-01-27,6,1,0,0,0.333333333333333,0,NA,NA,NA,NA
"7",2020-01-28,6,0,0,0,0,0,NA,NA,NA,NA
"8",2020-01-29,7,1,0,0,1,0,NA,NA,NA,NA
"9",2020-01-30,7,0,0,0,0,0,NA,NA,NA,NA
"10",2020-01-31,8,1,0,0,1,0,NA,NA,NA,NA
"11",2020-02-01,9,1,0,0,1,0,NA,NA,NA,NA
"12",2020-02-02,9,0,0,0,0,0,NA,NA,NA,NA
"13",2020-02-03,11,2,0,0,2,0,NA,NA,NA,NA
"14",2020-02-04,11,0,0,0,0,0,0.717948717948718,0.785714285714286,0,NA
"15",2020-02-05,11,0,0,0,NA,0,0.717948717948718,0.714285714285714,0,0.909090909090909
"16",2020-02-06,11,0,1,1,NA,0.0909090909090909,0.777777777777778,0.714285714285714,0.0714285714285714,1
"17",2020-02-07,11,0,1,0,NA,0.0909090909090909,0.757575757575758,0.642857142857143,0.0714285714285714,0.9
"18",2020-02-08,11,0,1,0,NA,0.0909090909090909,0.833333333333333,0.642857142857143,0.0714285714285714,1
"19",2020-02-09,11,0,1,0,NA,0.0909090909090909,0.592592592592593,0.428571428571429,0.0714285714285714,0.666666666666667
"20",2020-02-10,11,0,1,0,NA,0.0909090909090909,0.625,0.357142857142857,0.0714285714285714,0.833333333333333
"21",2020-02-11,12,1,1,0,1,0.0833333333333333,0.75,0.428571428571429,0.0714285714285714,1.2
"22",2020-02-12,12,0,1,0,0,0.0833333333333333,0.625,0.357142857142857,0.0714285714285714,0.833333333333333
"23",2020-02-13,13,1,1,0,1,0.0769230769230769,0.75,0.428571428571429,0.0714285714285714,1.2
"24",2020-02-14,13,0,1,0,0,0.0769230769230769,0.625,0.357142857142857,0.0714285714285714,0.833333333333333
"25",2020-02-15,13,0,1,0,NA,0.0769230769230769,0.571428571428571,0.285714285714286,0.0714285714285714,0.8
"26",2020-02-16,13,0,1,0,NA,0.0769230769230769,0.666666666666667,0.285714285714286,0.0714285714285714,1
"27",2020-02-17,13,0,2,1,NA,0.153846153846154,0.4,0.142857142857143,0.142857142857143,0.5
"28",2020-02-18,14,1,2,0,1,0.142857142857143,0.6,0.214285714285714,0.142857142857143,1.5
"29",2020-02-19,14,0,2,0,0,0.142857142857143,0.5,0.214285714285714,0.142857142857143,1
"30",2020-02-20,14,0,2,0,NA,0.142857142857143,0.5,0.214285714285714,0.0714285714285714,1
"31",2020-02-21,17,3,2,0,3,0.117647058823529,0.857142857142857,0.428571428571429,0.0714285714285714,2
"32",2020-02-22,17,0,2,0,0,0.117647058823529,0.75,0.428571428571429,0.0714285714285714,1
"33",2020-02-23,17,0,2,0,NA,0.117647058823529,0.75,0.428571428571429,0.0714285714285714,1
"34",2020-02-24,18,1,2,0,1,0.111111111111111,0.777777777777778,0.5,0.0714285714285714,1.16666666666667
"35",2020-02-25,18,0,2,0,0,0.111111111111111,0.666666666666667,0.428571428571429,0.0714285714285714,0.857142857142857
"36",2020-02-26,20,2,2,0,2,0.1,0.888888888888889,0.571428571428571,0.0714285714285714,1.33333333333333
"37",2020-02-27,21,1,2,0,0.5,0.0952380952380952,0.833333333333333,0.571428571428571,0.0714285714285714,1
"38",2020-02-28,23,2,2,0,2,0.0869565217391304,1.05555555555556,0.714285714285714,0.0714285714285714,1.25
"39",2020-02-29,34,11,3,1,5.5,0.0882352941176471,1.5,1.5,0.142857142857143,2.1
"40",2020-03-01,40,6,3,0,0.545454545454545,0.075,1.41322314049587,1.92857142857143,0.142857142857143,1.28571428571429
"41",2020-03-02,62,22,8,5,3.66666666666667,0.129032258064516,1.6010101010101,3.5,0.428571428571429,1.81481481481481
"42",2020-03-03,81,19,9,1,0.863636363636364,0.111111111111111,1.58964646464646,4.78571428571429,0.5,1.36734693877551
"43",2020-03-04,116,35,13,4,1.84210526315789,0.112068965517241,1.74315523657629,7.28571428571429,0.785714285714286,1.52238805970149
"44",2020-03-05,182,66,14,1,1.88571428571429,0.0769230769230769,1.75412131727921,12,0.857142857142857,1.64705882352941
"45",2020-03-06,231,49,19,5,0.742424242424242,0.0822510822510823,1.58046164361954,15.2857142857143,1.21428571428571,1.27380952380952
"46",2020-03-07,377,146,22,3,2.97959183673469,0.0583554376657825,1.80966101567605,25.7142857142857,1.42857142857143,1.68224299065421
"47",2020-03-08,492,115,25,3,0.787671232876712,0.0508130081300813,1.7366617454761,33.9285714285714,1.64285714285714,1.31944444444444
"48",2020-03-09,754,262,31,6,2.27826086956522,0.0411140583554377,1.82796609330219,52.5714285714286,2.07142857142857,1.54947368421053
"49",2020-03-10,1039,285,34,3,1.08778625954198,0.0327237728585178,1.9056651118409,72.9285714285714,2.28571428571429,1.38722826086957
"50",2020-03-11,1388,349,40,6,1.22456140350877,0.0288184438040346,1.85027664066296,97.7142857142857,2.71428571428571,1.33986287952987
"51",2020-03-12,1799,411,44,4,1.17765042979943,0.0244580322401334,1.89868024279149,127,3,1.29970760233918
"52",2020-03-13,2342,543,51,7,1.32116788321168,0.0217762596071734,1.85019223444946,165.642857142857,3.5,1.30427446569179
"53",2020-03-14,2973,631,61,10,1.16206261510129,0.0205179952909519,1.54033956409956,209.928571428571,4.14285714285714,1.26735661923243
"54",2020-03-15,3784,811,72,11,1.28526148969889,0.0190274841437632,1.59318291725987,267.428571428571,4.92857142857143,1.27390268798911
"55",2020-03-16,4754,970,101,29,1.1960542540074,0.0212452671434581,1.41671060206992,335.142857142857,6.64285714285714,1.25320512820513
"56",2020-03-17,6302,1548,120,19,1.59587628865979,0.0190415741034592,1.46901345385731,444.357142857143,7.92857142857143,1.32587382779199
"57",2020-03-18,9220,2918,161,41,1.88501291989664,0.0174620390455531,1.4720782864815,650.285714285714,10.5714285714286,1.46343031666935
"58",2020-03-19,14242,5022,223,62,1.72104180945853,0.0156579132144362,1.46031596674895,1004.28571428571,14.9285714285714,1.54437609841828
"59",2020-03-20,19157,4915,267,44,0.978693747510952,0.0139374641123349,1.47719235996943,1351.85714285714,17.7142857142857,1.34608819345661
"60",2020-03-21,26480,7323,353,86,1.48992878942014,0.0133308157099698,1.37078785658982,1864.5,23.6428571428571,1.37921377998521
"61",2020-03-22,33767,7287,447,94,0.995083981974601,0.0132377765273788,1.38560305295395,2376.78571428571,30.1428571428571,1.27475769068689
"62",2020-03-23,43904,10137,597,150,1.39110745162618,0.0135978498542274,1.32223495167259,3082.14285714286,40.4285714285714,1.29676934635612
"63",2020-03-24,53896,9992,802,205,0.985695965275723,0.0148805106130325,1.31494278779643,3775.5,54.8571428571429,1.2249594438007
"64",2020-03-25,68580,14684,1085,283,1.46957566052842,0.0158209390492855,1.33244380615498,4799.42857142857,74.6428571428571,1.27120343568496
"65",2020-03-26,85063,16483,1394,309,1.12251430128031,0.0163878537084279,1.32850551126075,5947.42857142857,96.4285714285714,1.23919514227884
"66",2020-03-27,102617,17554,1793,399,1.06497603591579,0.0174727384351521,1.31020609359676,7162.5,124.428571428571,1.20430197924673
"67",2020-03-28,122990,20373,2333,540,1.16059017887661,0.0189690218716969,1.31010091958071,8572.64285714286,162.285714285714,1.19687858389429
"68",2020-03-29,141759,18769,2757,424,0.921268345359054,0.019448500624299,1.28410140927073,9855.35714285714,191.785714285714,1.1496288025863
"69",2020-03-30,163711,21952,3403,646,1.16958815067398,0.0207866300981608,1.28221097331834,11354.0714285714,235.857142857143,1.15207102736003
"70",2020-03-31,186755,23044,4337,934,1.04974489795918,0.0232229391448689,1.24320158826829,12889.5,301.214285714286,1.13523154060532
"71",2020-04-01,213139,26384,5385,1048,1.14494011456344,0.0252652025204209,1.19033924503021,14565.6428571429,373.142857142857,1.13003940084122
"72",2020-04-02,241861,28722,6654,1269,1.08861431170406,0.0275116699261146,1.14516585233346,16258.5,459.357142857143,1.11622261780413
"73",2020-04-03,277065,35204,8002,1348,1.22568066290648,0.0288813094400231,1.16280777486171,18422,552.5,1.13306885629056
"74",2020-04-04,310743,33678,9393,1391,0.956652653107601,0.0302275513849065,1.12471662226796,20304.5,645.714285714286,1.10218760178048
"75",2020-04-05,335461,24718,10892,1499,0.733950947205891,0.0324687519562632,1.10606426264162,21549.5714285714,746.071428571429,1.06131997481206
"76",2020-04-06,365324,29863,12438,1546,1.20814790840683,0.0340464902388017,1.09299572384024,22958.5714285714,845.785714285714,1.06538413094062
"77",2020-04-07,395655,30331,14604,2166,1.01567156682182,0.0369109451416006,1.09513683823639,24411.3571428571,985.857142857143,1.06327857631759
"78",2020-04-08,428227,32572,16687,2083,1.07388480432561,0.0389676503349859,1.06687320565048,25689.0714285714,1114.42857142857,1.0523409771213
"79",2020-04-09,462074,33847,18655,1968,1.03914405010438,0.0403723213164991,1.06091818770934,26929.3571428571,1232.92857142857,1.04828067521764
"80",2020-04-10,495203,33129,21161,2506,0.978786893964015,0.042731970525219,1.05476182042707,28041.8571428571,1383.42857142857,1.04131179196363
"81",2020-04-11,526392,31189,22918,1757,0.941441033535573,0.0435378957127008,1.03910831004557,28814.4285714286,1470.35714285714,1.02755065132226
"82",2020-04-12,553613,27221,24597,1679,0.872775658084581,0.0444299537763745,1.03564454666882,29418.1428571429,1560,1.02095180489933
"83",2020-04-13,578518,24905,25726,1129,0.914918628999669,0.0444687978593579,1.01745386654922,29629.0714285714,1594.5,1.00717001655927
"84",2020-04-14,603929,25411,28890,3164,1.02031720538045,0.0478367490218221,1.01535188850789,29798.1428571429,1753.78571428571,1.0057062682163
"85",2020-04-15,633954,30025,31354,2464,1.18157490850419,0.0494578470993164,1.01796865950365,30058.2142857143,1854.92857142857,1.00872777306352
"86",2020-04-16,666504,32550,33633,2279,1.08409658617818,0.0504618126822945,1.01764596482323,30331.6428571429,1927.07142857143,1.00909663391276
"87",2020-04-17,697440,30936,35543,1910,0.950414746543779,0.0509620899288828,0.997984113654469,30026.7857142857,1967.21428571429,0.989949204390511
"88",2020-04-18,725179,27739,37059,1516,0.896657615722782,0.0511032448540291,0.993698753841268,29602.5714285714,1976.14285714286,0.985872137972049
"89",2020-04-19,750198,25019,39589,2530,0.901943112585169,0.0527714016832889,1.0056981942255,29624.0714285714,2049.78571428571,1.00072628825681
"90",2020-04-20,776791,26593,41410,1821,1.06291218673808,0.0533090625406319,0.995324214106306,29390.5,2069.42857142857,0.992115485235221
"91",2020-04-21,802273,25482,44173,2763,0.958222088519535,0.0550598113111123,0.991220679941857,29044.1428571429,2112.07142857143,0.988215336831386
"92",2020-04-22,831046,28773,46204,2031,1.12914998822698,0.0555974037538235,0.995168193077669,28772.7857142857,2108.35714285714,0.990657078634
"93",2020-04-23,862704,31658,48029,1825,1.10026761199736,0.0556726293143419,0.99953416178431,28616.4285714286,2098.14285714286,0.994565797541824
"94",2020-04-24,900104,37400,50720,2691,1.18137595552467,0.0563490441104583,1.01400480903864,28921.5,2111.35714285714,1.01066070938272
"95",2020-04-25,934068,33964,52674,1954,0.908128342245989,0.0563920399799586,1.01162533108939,29119.7142857143,2125.42857142857,1.00685352715849
"96",2020-04-26,959547,25479,53805,1131,0.750176657637499,0.0560733346047666,1.00286825962888,28995.2857142857,2086.28571428571,0.995726998891276
"97",2020-04-27,982315,22768,55190,1385,0.893598649868519,0.0561836070914116,1.00134540397666,28842.6428571429,2104.57142857143,0.994735597412387
"98",2020-04-28,1006419,24104,57438,2248,1.05867884750527,0.0570716570335019,1.00408552127129,28749.2857142857,2039.14285714286,0.996763225085872
"99",2020-04-29,1034342,27923,60030,2592,1.15843843345503,0.0580368968871031,1.00243291591063,28599.1428571429,2048.28571428571,0.994777510000248
"100",2020-04-30,1063316,28974,62148,2118,1.03763922214662,0.0584473477310602,0.99911453276552,28343.7142857143,2036.78571428571,0.991068663396505
"101",2020-05-01,1096358,33042,63961,1813,1.14040173949058,0.058339520485097,1.01268503226172,28494.1428571429,2029.85714285714,1.00530729917442
"102",2020-05-02,1126330,29972,65474,1513,0.907087948671388,0.058130388074543,1.01343005604376,28653.6428571429,2029.64285714286,1.00559764162058
"103",2020-05-03,1151499,25169,66847,1373,0.839750433738156,0.0580521563631406,1.00898772184041,28664.3571428571,1947,1.00037392403359
"104",2020-05-04,1173153,21654,67837,990,0.860344074059359,0.0578245122332722,0.994518570934782,28311.5714285714,1887.64285714286,0.987692530046025
"105",2020-05-05,1197381,24228,70294,2457,1.11886949293433,0.058706460182682,1.00599338553584,28222,1865.78571428571,0.996836225470656
"106",2020-05-06,1221044,23663,72896,2602,0.976679874525343,0.059699732360177,0.995102663128579,27857,1906.57142857143,0.987066827297853
"107",2020-05-07,1248534,27490,74926,2030,1.16172928200144,0.0600111811132096,0.999492782414585,27559.2857142857,1921.21428571429,0.989312765706491
"108",2020-05-08,1275914,27380,76583,1657,0.995998544925427,0.0600220704530243,0.986251538800353,26843.5714285714,1847.35714285714,0.974030013218257
"109",2020-05-09,1301498,25584,78061,1478,0.934404674945216,0.0599778101848793,0.98812841970744,26245,1813.35714285714,0.977701498097443
"110",2020-05-10,1321622,20124,78902,841,0.786585365853659,0.0597008827032238,0.990729041722881,25862.5,1792.64285714286,0.985425795389598
"111",2020-05-11,1339387,17765,79828,926,0.882776783939575,0.0596003992871366,0.989956051299384,25505.1428571429,1759.85714285714,0.986182420769178
"112",2020-05-12,1360892,21505,81467,1639,1.21052631578947,0.0598629428345526,1.00080229903397,25319.5,1716.35714285714,0.992721355917014
"113",2020-05-13,1381508,20616,83149,1682,0.95866077656359,0.0601871288476071,0.986532466398868,24797.5714285714,1651.35714285714,0.979386300225969
"114",2020-05-14,1408306,26798,84917,1768,1.29986418315871,0.060297264941,1.00526282075687,24642.1428571429,1626.35714285714,0.993732105102458
"115",2020-05-15,1433212,24906,86375,1458,0.929397716247481,0.0602667295557112,0.990191104810939,24061,1601,0.976416707730659
"116",2020-05-16,1457723,24511,87455,1080,0.984140367782864,0.0599942513083761,0.995694849033187,23670.9285714286,1570.07142857143,0.983788228728173
"117",2020-05-17,1476240,18517,88217,762,0.755456733711395,0.0597578984446973,0.989673870459847,23195.7857142857,1526.42857142857,0.97992715597493
"118",2020-05-18,1497861,21621,89235,1018,1.16762974563914,0.0595749538842389,1.01162284700126,23193.4285714286,1528.42857142857,0.999898380555581
"119",2020-05-19,1518468,20607,90771,1536,0.95310115165811,0.0597780131026798,0.999782251195816,22934.7857142857,1462.64285714286,0.988848442292768
"120",2020-05-20,1540537,22069,92265,1494,1.07094676566215,0.0598914534347439,1.00651560056273,22820.9285714286,1383.5,0.995035613400729
"121",2020-05-21,1566488,25951,93596,1331,1.1759028501518,0.0597489415814229,1.00752799828776,22711,1333.57142857143,0.995182993054621
"122",2020-05-22,1589845,23357,94792,1196,0.900042387576587,0.0596234224091028,1.00067398704855,22423.6428571429,1300.64285714286,0.987347226328337
"123",2020-05-23,1612122,22277,95892,1100,0.953761185083701,0.0594818506291707,1.00205659491559,22187.4285714286,1273.64285714286,0.989465838034473
"124",2020-05-24,1632767,20645,96531,639,0.926740584459308,0.0591211115854252,1.01206768195885,22224.6428571429,1259.21428571429,1.00167726898115
"125",2020-05-25,1651833,19066,97226,695,0.923516589973359,0.0588594609745658,1.01497766810412,22317.5714285714,1242.71428571429,1.00418133024795
"126",2020-05-26,1669844,18011,97865,639,0.944665897409,0.0586072710983781,0.9959876382198,22068,1171.28571428571,0.988817267623845
"127",2020-05-27,1689893,20049,99256,1391,1.11315307312198,0.0587350796766423,1.00702280225968,22027.5,1150.5,0.998164763458401
"128",2020-05-28,1712375,22482,100435,1179,1.1213526859195,0.0586524563836776,0.994271981028312,21719.2142857143,1108.42857142857,0.986004507352822
"129",2020-05-29,1736386,24011,101432,997,1.06800996352638,0.058415582710296,1.00417285583395,21655.2857142857,1075.5,0.997056589129441
"130",2020-05-30,1759443,23057,102241,809,0.960268210403565,0.0581098677251835,1.00246770173543,21551.4285714286,1056.14285714286,0.995204074228001
