"","date","new_cases","new_deaths","total_cases","total_deaths","growth_factor","death_percentage","MA_growth_factor","MA_new_cases"
"1",2019-12-31,0,0,0,0,NA,NA,NA,NA
"2",2020-01-01,0,0,0,0,NA,NA,NA,NA
"3",2020-01-02,0,0,0,0,NA,NA,NA,NA
"4",2020-01-03,0,0,0,0,NA,NA,NA,NA
"5",2020-01-04,0,0,0,0,NA,NA,NA,NA
"6",2020-01-05,0,0,0,0,NA,NA,NA,NA
"7",2020-01-06,0,0,0,0,NA,NA,NA,NA
"8",2020-01-07,0,0,0,0,NA,NA,NA,NA
"9",2020-01-08,0,0,0,0,NA,NA,NA,NA
"10",2020-01-09,0,0,0,0,NA,NA,NA,NA
"11",2020-01-10,0,0,0,0,NA,NA,NA,NA
"12",2020-01-11,0,0,0,0,NA,NA,NA,NA
"13",2020-01-12,0,0,0,0,NA,NA,NA,NA
"14",2020-01-13,0,0,0,0,NA,NA,NA,0
"15",2020-01-14,0,0,0,0,NA,NA,NA,0
"16",2020-01-15,0,0,0,0,NA,NA,NA,0
"17",2020-01-16,0,0,0,0,NA,NA,NA,0
"18",2020-01-17,0,0,0,0,NA,NA,NA,0
"19",2020-01-18,0,0,0,0,NA,NA,NA,0
"20",2020-01-19,0,0,0,0,NA,NA,NA,0
"21",2020-01-20,0,0,0,0,NA,NA,NA,0
"22",2020-01-21,1,0,1,0,1,0,NA,0.0714285714285714
"23",2020-01-22,0,0,1,0,0,0,NA,0.0714285714285714
"24",2020-01-23,0,0,1,0,NA,0,NA,0.0714285714285714
"25",2020-01-24,0,0,1,0,NA,0,NA,0.0714285714285714
"26",2020-01-25,1,0,2,0,1,0,NA,0.142857142857143
"27",2020-01-26,0,0,2,0,0,0,NA,0.142857142857143
"28",2020-01-27,3,0,5,0,3,0,NA,0.357142857142857
"29",2020-01-28,0,0,5,0,0,0,NA,0.357142857142857
"30",2020-01-29,0,0,5,0,NA,0,NA,0.357142857142857
"31",2020-01-30,0,0,5,0,NA,0,NA,0.357142857142857
"32",2020-01-31,1,0,6,0,1,0,NA,0.428571428571429
"33",2020-02-01,1,0,7,0,1,0,NA,0.5
"34",2020-02-02,1,0,8,0,1,0,NA,0.571428571428571
"35",2020-02-03,3,0,11,0,3,0,NA,0.785714285714286
"36",2020-02-04,0,0,11,0,0,0,NA,0.714285714285714
"37",2020-02-05,0,0,11,0,NA,0,NA,0.714285714285714
"38",2020-02-06,1,0,12,0,1,0,NA,0.785714285714286
"39",2020-02-07,0,0,12,0,0,0,NA,0.785714285714286
"40",2020-02-08,0,0,12,0,NA,0,NA,0.714285714285714
"41",2020-02-09,0,0,12,0,NA,0,NA,0.714285714285714
"42",2020-02-10,0,0,12,0,NA,0,NA,0.5
"43",2020-02-11,1,0,13,0,1,0,NA,0.571428571428571
"44",2020-02-12,0,0,13,0,0,0,NA,0.571428571428571
"45",2020-02-13,1,0,14,0,1,0,NA,0.642857142857143
"46",2020-02-14,1,0,15,0,1,0,NA,0.642857142857143
"47",2020-02-15,0,0,15,0,0,0,NA,0.571428571428571
"48",2020-02-16,0,0,15,0,NA,0,NA,0.5
"49",2020-02-17,0,0,15,0,NA,0,NA,0.285714285714286
"50",2020-02-18,0,0,15,0,NA,0,NA,0.285714285714286
"51",2020-02-19,0,0,15,0,NA,0,NA,0.285714285714286
"52",2020-02-20,0,0,15,0,NA,0,NA,0.214285714285714
"53",2020-02-21,1,0,16,0,1,0,NA,0.285714285714286
"54",2020-02-22,19,0,35,0,19,0,NA,1.64285714285714
"55",2020-02-23,0,0,35,0,0,0,NA,1.64285714285714
"56",2020-02-24,0,0,35,0,NA,0,NA,1.64285714285714
"57",2020-02-25,18,0,53,0,18,0,NA,2.85714285714286
"58",2020-02-26,0,0,53,0,0,0,NA,2.85714285714286
"59",2020-02-27,6,0,59,0,6,0,NA,3.21428571428571
"60",2020-02-28,1,0,60,0,0.166666666666667,0,NA,3.21428571428571
"61",2020-02-29,6,0,66,0,6,0,NA,3.64285714285714
"62",2020-03-01,3,1,69,1,0.5,0.0144927536231884,NA,3.85714285714286
"63",2020-03-02,20,1,89,2,6.66666666666667,0.0224719101123595,NA,5.28571428571429
"64",2020-03-03,14,4,103,6,0.7,0.058252427184466,NA,6.28571428571429
"65",2020-03-04,22,3,125,9,1.57142857142857,0.072,NA,7.85714285714286
"66",2020-03-05,34,2,159,11,1.54545454545455,0.0691823899371069,NA,10.2857142857143
"67",2020-03-06,74,1,233,12,2.17647058823529,0.0515021459227468,NA,15.5
"68",2020-03-07,105,2,338,14,1.41891891891892,0.0414201183431953,NA,21.6428571428571
"69",2020-03-08,95,3,433,17,0.904761904761905,0.0392609699769053,NA,28.4285714285714
"70",2020-03-09,121,4,554,21,1.27368421052632,0.0379061371841155,3.35171800518992,37.0714285714286
"71",2020-03-10,200,5,754,26,1.65289256198347,0.0344827586206897,2.18406747390303,50.0714285714286
"72",2020-03-11,271,2,1025,28,1.355,0.0273170731707317,2.28085318818874,69.4285714285714
"73",2020-03-12,287,2,1312,30,1.0590405904059,0.0228658536585366,1.92792751607488,89.5
"74",2020-03-13,351,10,1663,40,1.22299651567944,0.0240529164161155,2.00337964814722,114.5
"75",2020-03-14,511,7,2174,47,1.45584045584046,0.0216191352345906,1.67879682356439,150.571428571429
"76",2020-03-15,777,10,2951,57,1.52054794520548,0.0193154862758387,1.75169310536478,205.857142857143
"77",2020-03-16,823,12,3774,69,1.05920205920206,0.0182829888712242,1.35115991911731,263.214285714286
"78",2020-03-17,887,16,4661,85,1.07776427703524,0.0182364299506544,1.37814308176269,325.571428571429
"79",2020-03-18,1766,23,6427,108,1.99098083427283,0.016804107670764,1.40811110053728,450.142857142857
"80",2020-03-19,2988,42,9415,150,1.69195922989807,0.0159320233669676,1.41857572085467,661.142857142857
"81",2020-03-20,4835,0,14250,150,1.61813922356091,0.0105263157894737,1.37869490909221,1001.21428571429
"82",2020-03-21,5374,110,19624,260,1.11147880041365,0.0132490827558092,1.35673490062755,1377.57142857143
"83",2020-03-22,7123,80,26747,340,1.32545589877186,0.012711705985718,1.38678447162826,1879.57142857143
"84",2020-03-23,8459,131,35206,471,1.18756142074968,0.0133784014088508,1.38063284378708,2475.14285714286
"85",2020-03-24,11236,119,46442,590,1.32828939590968,0.0127040179148185,1.35744690335323,3263.42857142857
"86",2020-03-25,8789,211,55231,801,0.782217871128515,0.0145027249189767,1.31653389414813,3871.85714285714
"87",2020-03-26,13963,249,69194,1050,1.58869040846513,0.0151747261323236,1.3543660240095,4848.71428571429
"88",2020-03-27,16797,246,85991,1296,1.20296497887274,0.0150713446756056,1.35293519995188,6023.42857142857
"89",2020-03-28,18695,411,104686,1707,1.11299636839912,0.0163059052786428,1.32844633656321,7322.28571428571
"90",2020-03-29,19979,484,124665,2191,1.06868146563252,0.0175751012714074,1.29617015945086,8693.85714285714
"91",2020-03-30,18360,318,143025,2509,0.918964913158817,0.017542387694459,1.28615322044777,9946.5
"92",2020-03-31,21595,661,164620,3170,1.17619825708061,0.0192564694447819,1.29318421902244,11425.6428571429
"93",2020-04-01,24998,909,189618,4079,1.15758277379023,0.0215116708329378,1.23365578613082,13085.0714285714
"94",2020-04-02,27103,1059,216721,5138,1.08420673653892,0.0237079009417638,1.19024489374803,14807.5714285714
"95",2020-04-03,28819,915,245540,6053,1.06331402427776,0.0246517878960658,1.15061452237066,16520.7142857143
"96",2020-04-04,32425,1104,277965,7157,1.12512578507235,0.0257478459518285,1.15158930698914,18452.9285714286
"97",2020-04-05,34272,1344,312237,8501,1.05696222050887,0.0272261134971192,1.13241118711321,20392.1428571429
"98",2020-04-06,25398,1146,337635,9647,0.741071428571429,0.0285722747937862,1.10051904481476,21602.0714285714
"99",2020-04-07,30561,1342,368196,10989,1.20328372312781,0.029845517061565,1.09159006818749,22982.4285714286
"100",2020-04-08,30613,1906,398809,12895,1.00170151500278,0.0323337738115238,1.10726747132136,24541.2857142857
"101",2020-04-09,33323,1922,432132,14817,1.08852448306275,0.0342881341812224,1.07154133379262,25924.1428571429
"102",2020-04-10,33901,1873,466033,16690,1.01734537706689,0.0358129145360951,1.05828279080649,27145.8571428571
"103",2020-04-11,35527,2087,501560,18777,1.04796318692664,0.0374371959486402,1.05363756355845,28348.1428571429
"104",2020-04-12,28391,1831,529951,20608,0.799138683254989,0.0388866140454495,1.03438450767435,28949
"105",2020-04-13,27620,1500,557571,22108,0.972843506745095,0.0396505557139808,1.03823297864479,29610.4285714286
"106",2020-04-14,25023,1541,582594,23649,0.905973931933382,0.0405925910668493,1.01893124113428,29855.2857142857
"107",2020-04-15,26922,2408,609516,26057,1.07589018103345,0.04275031336339,1.01309605593736,29992.7142857143
"108",2020-04-16,30148,4928,639664,30985,1.11982765024887,0.0484394932339478,1.01564040691665,30210.2142857143
"109",2020-04-17,31667,2299,671331,33284,1.05038476847552,0.0495791196890952,1.01471688864506,30413.6428571429
"110",2020-04-18,30833,3770,702164,37054,0.973663435121736,0.0527711474812152,1.00389814936287,30299.9285714286
"111",2020-04-19,32922,1856,735086,38910,1.06775208380631,0.05293258203802,1.00466885388412,30203.5
"112",2020-04-20,24601,1772,759687,40682,0.7472510783063,0.0535510019257931,1.00511025743661,30146.5714285714
"113",2020-04-21,28065,1857,787752,42539,1.14080728425674,0.0540004976185398,1.0006476546601,29968.2857142857
"114",2020-04-22,37289,2524,825041,45063,1.32866559771958,0.0546191037778729,1.02400223199702,30445.1428571429
"115",2020-04-23,17588,1721,842629,46784,0.471667247713803,0.0555214691163015,0.979941000900664,29321.2142857143
"116",2020-04-24,26543,3179,869172,49963,1.50915396861496,0.0574834440133829,1.01507018601124,28795.6428571429
"117",2020-04-25,21352,1054,890524,51017,0.804430546660136,0.0572887423584317,0.997674997420776,27783.1428571429
"118",2020-04-26,48529,2172,939053,53189,2.27280816785313,0.0566411054541117,1.1029371034635,29221.5714285714
"119",2020-04-27,26857,1687,965910,54876,0.553421665395949,0.0568127465291797,1.07297840050999,29167.0714285714
"120",2020-04-28,22541,1369,988451,56245,0.839297017537327,0.0569021630814274,1.06821576376742,28989.7857142857
"121",2020-04-29,24132,2110,1012583,58355,1.07058249412182,0.0576298436770122,1.06783664327373,28790.5
"122",2020-04-30,27326,2611,1039909,60966,1.13235537875021,0.0586262836459729,1.06873148102382,28588.9285714286
"123",2020-05-01,29917,2040,1069826,63006,1.09481812193515,0.0588936892541404,1.07190529198523,28463.9285714286
"124",2020-05-02,33955,2062,1103781,65068,1.13497342647993,0.058950099702749,1.0834274342251,28686.9285714286
"125",2020-05-03,29288,1317,1133069,66385,0.862553379472832,0.0585886649445003,1.06877038391556,28427.3571428571
"126",2020-05-04,24972,1297,1158041,67682,0.852635891832833,0.0584452536654574,1.07629787059603,28453.8571428571
"127",2020-05-05,22593,1252,1180634,68934,0.904733301297453,0.0583872732785944,1.05943544324179,28063
"128",2020-05-06,23841,2144,1204475,71078,1.05523834816093,0.0590116025654331,1.03990492541618,27102.4285714286
"129",2020-05-07,24128,2353,1228603,73431,1.01203808565077,0.0597678827090606,1.07850284241167,27569.5714285714
"130",2020-05-08,28369,2239,1256972,75670,1.17577088859416,0.0602002272126985,1.05468976526733,27700
"131",2020-05-09,26957,1510,1283929,77180,0.950227360851634,0.0601123582378776,1.06510382342387,28100.3571428571
"132",2020-05-10,25612,1614,1309541,78794,0.950105723930704,0.0601691737792097,0.970625077429408,26463.4285714286
"133",2020-05-11,20258,734,1329799,79528,0.790957363735749,0.0598045268495464,0.987591913025108,25992.0714285714
"134",2020-05-12,18117,1156,1347916,80684,0.894313357685853,0.0598583294507966,0.991521651607145,25676.0714285714
"135",2020-05-13,22048,1703,1369964,82387,1.21697852845394,0.0601380766209915,1.0019785112023,25527.2142857143
"136",2020-05-14,20782,1746,1390746,84133,0.942579825834543,0.0604948710979575,0.988423114565463,25059.7857142857
"137",2020-05-15,27143,1773,1417889,85906,1.30608218650755,0.0605872533040316,1.00351340489206,24861.6428571429
